0 0.300792 0.631036 0.123176 0.180195
0 0.265195 0.737367 0.056503 0.074675
0 0.381026 0.484932 0.102835 0.066558
0 0.378201 0.394023 0.058763 0.102273
0 0.436399 0.374543 0.057633 0.082792
0 0.385546 0.332335 0.030511 0.037338
0 0.453914 0.195160 0.097185 0.142857
0 0.464085 0.067724 0.061023 0.076299
0 0.544319 0.493861 0.054243 0.123377
0 0.607602 0.460582 0.056503 0.118506
0 0.692356 0.508471 0.038422 0.045455
0 0.722867 0.479250 0.042942 0.068182
0 0.410407 0.671621 0.048592 0.086039
0 0.391196 0.709770 0.035032 0.071429
0 0.405322 0.784445 0.063283 0.110390
0 0.366900 0.842887 0.038422 0.081169
0 0.394587 0.906198 0.053113 0.084416
0 0.291752 0.868861 0.089274 0.175325
0 0.365770 0.673244 0.047462 0.073052
0 0.416623 0.546621 0.076844 0.069805
0 0.648849 0.816913 0.066673 0.110390
0 0.673145 0.736556 0.031642 0.060065
0 0.705351 0.722757 0.035032 0.038961
0 0.706481 0.770647 0.062153 0.047078
0 0.739818 0.756848 0.036162 0.032468
0 0.872034 0.059608 0.097185 0.105519
0 0.952833 0.030387 0.030511 0.030844
0 0.976564 0.101815 0.021471 0.069805
0 0.742078 0.372919 0.079104 0.102273
0 0.528498 0.144835 0.033902 0.042208
0 0.539799 0.351004 0.033902 0.090909
0 0.583306 0.366426 0.053113 0.079545
0 0.617772 0.283634 0.045202 0.043831
0 0.332999 0.340452 0.031642 0.079545
0 0.355035 0.269023 0.046332 0.066558
0 0.138064 0.458147 0.116396 0.285714
0 0.137499 0.768211 0.126566 0.431818
0 0.690661 0.613179 0.032772 0.040584
0 0.675970 0.671621 0.053113 0.073052
0 0.627378 0.678926 0.030511 0.061688
0 0.602517 0.735744 0.025991 0.051948
0 0.891245 0.512530 0.031642 0.073052
0 0.577090 0.145647 0.031642 0.056818
0 0.534713 0.234932 0.044072 0.056818
0 0.464650 0.476004 0.035032 0.071429
0 0.545449 0.584770 0.031642 0.045455
