0 0.654104 0.215394 0.152615 0.133117
0 0.728231 0.219453 0.104651 0.099026
0 0.526561 0.124485 0.246365 0.207792
0 0.209339 0.305492 0.265987 0.167208
0 0.443713 0.332277 0.215842 0.285714
0 0.561445 0.470264 0.185319 0.149351
0 0.629031 0.605816 0.224563 0.196429
0 0.726051 0.481628 0.204941 0.165584
0 0.791458 0.762472 0.248545 0.243506
0 0.275836 0.740556 0.337934 0.232143
0 0.396838 0.614745 0.213662 0.181818
0 0.260574 0.458901 0.115552 0.051948
0 0.159194 0.454842 0.087209 0.082792
0 0.243133 0.518966 0.089389 0.055195
0 0.215880 0.590394 0.100290 0.087662
0 0.511300 0.780329 0.185319 0.159091
0 0.376126 0.898836 0.194040 0.172078
0 0.588697 0.933738 0.130813 0.092532
0 0.633392 0.063608 0.189679 0.112013
0 0.055634 0.730816 0.050145 0.037338
0 0.069805 0.777894 0.091569 0.053571
0 0.058904 0.820102 0.074127 0.050325
