0 0.569474 0.413946 0.066667 0.104772
0 0.637754 0.533098 0.084946 0.154076
0 0.594743 0.572131 0.065591 0.108880
0 0.682378 0.652250 0.034409 0.145859
0 0.721625 0.489957 0.121505 0.162293
0 0.775926 0.470440 0.070968 0.193109
0 0.771625 0.586511 0.049462 0.067793
0 0.810335 0.616299 0.034409 0.073957
0 0.798507 0.671766 0.032258 0.061630
0 0.830227 0.585484 0.039785 0.098609
0 0.840442 0.454006 0.113978 0.287609
0 0.642593 0.265006 0.060215 0.086283
0 0.722163 0.164343 0.015054 0.053413
0 0.756571 0.245489 0.101075 0.059576
0 0.203883 0.213647 0.036559 0.065739
0 0.237216 0.259870 0.060215 0.076011
0 0.211948 0.411892 0.074194 0.121206
0 0.272163 0.636843 0.052688 0.135587
0 0.289367 0.496120 0.037634 0.174620
0 0.392055 0.229055 0.034409 0.084228
0 0.399044 0.526935 0.089247 0.149967
0 0.180765 0.721071 0.084946 0.119152
0 0.200120 0.768321 0.054839 0.106826
0 0.475388 0.474549 0.080645 0.168456
0 0.508722 0.375940 0.084946 0.102717
0 0.769474 0.038000 0.038710 0.059576
0 0.645818 0.639924 0.030108 0.063685
0 0.633991 0.774484 0.055914 0.045196
0 0.577001 0.828924 0.053763 0.047250
0 0.456571 0.603973 0.051613 0.082174
0 0.238829 0.085250 0.046237 0.117098
0 0.280227 0.053408 0.040860 0.065739
0 0.281302 0.142772 0.034409 0.092446
0 0.322700 0.609109 0.050538 0.084228
0 0.181840 0.633761 0.063441 0.117098
