0 0.373289 0.455416 0.046584 0.081169
0 0.350538 0.524409 0.055250 0.105519
0 0.408497 0.527656 0.062834 0.089286
0 0.447497 0.418890 0.028167 0.043831
0 0.384664 0.364507 0.169001 0.120130
0 0.303955 0.427818 0.040084 0.058442
0 0.325622 0.475708 0.053084 0.066558
0 0.300705 0.525221 0.053084 0.103896
0 0.277955 0.428630 0.102917 0.144481
0 0.283913 0.366942 0.067167 0.079545
0 0.245996 0.483013 0.045500 0.064935
0 0.128454 0.728955 0.102917 0.141234
0 0.419872 0.681065 0.070417 0.097403
0 0.351622 0.681065 0.089917 0.071429
0 0.316413 0.750870 0.086667 0.100649
0 0.348372 0.758176 0.061750 0.066558
0 0.568289 0.819864 0.133251 0.193182
0 0.513039 0.875059 0.068250 0.141234
0 0.695040 0.128305 0.170084 0.147727
0 0.728624 0.194052 0.044417 0.061688
0 0.702624 0.237072 0.079084 0.056818
0 0.620831 0.228955 0.060667 0.170455
0 0.741624 0.141292 0.072584 0.128247
0 0.836416 0.069052 0.097500 0.087662
0 0.640332 0.603143 0.121334 0.253247
0 0.722665 0.809312 0.078000 0.224026
0 0.248163 0.744377 0.056334 0.097403
0 0.313163 0.903468 0.082334 0.152597
0 0.460497 0.494377 0.026000 0.090909
0 0.470247 0.457851 0.021667 0.043831
0 0.894374 0.198111 0.024917 0.027597
0 0.908458 0.236260 0.024917 0.029221
