0 0.353278 0.229189 0.152574 0.102273
0 0.248995 0.566040 0.050391 0.058442
0 0.309185 0.501105 0.067189 0.038961
0 0.357477 0.544124 0.029395 0.040584
0 0.328082 0.548994 0.012598 0.034091
0 0.349078 0.655325 0.023796 0.061688
0 0.381973 0.609059 0.022396 0.040584
0 0.272091 0.661819 0.046192 0.048701
0 0.509351 0.563605 0.058790 0.099026
0 0.472257 0.645585 0.020996 0.032468
0 0.605235 0.562793 0.029395 0.071429
0 0.586338 0.642338 0.022396 0.074675
0 0.741012 0.639903 0.116180 0.079545
0 0.644428 0.240553 0.026595 0.050325
0 0.570241 0.234059 0.026595 0.027597
0 0.608734 0.324157 0.033594 0.055195
0 0.573740 0.440228 0.025196 0.024351
0 0.483455 0.420748 0.054591 0.069805
0 0.627631 0.453215 0.057390 0.037338
0 0.616433 0.486494 0.040593 0.051948
0 0.575140 0.810358 0.058790 0.089286
0 0.610834 0.944287 0.029395 0.032468
0 0.674523 0.963767 0.047592 0.032468
0 0.633230 0.981624 0.026595 0.022727
0 0.731214 0.959709 0.048992 0.050325
0 0.717916 0.842825 0.022396 0.066558
0 0.811000 0.864741 0.054591 0.074675
0 0.782305 0.773020 0.033594 0.066558
0 0.808201 0.342014 0.029395 0.035714
0 0.841095 0.298183 0.030795 0.045455
0 0.757809 0.297371 0.040593 0.037338
0 0.570941 0.167501 0.050391 0.050325
0 0.434464 0.032761 0.054591 0.043831
0 0.407168 0.128540 0.039193 0.040584
0 0.389671 0.052241 0.043393 0.053571
0 0.491854 0.058735 0.018197 0.060065
0 0.491854 0.011657 0.054591 0.021104
0 0.573040 0.033572 0.057390 0.048701
0 0.305686 0.377728 0.034994 0.025974
0 0.360276 0.291689 0.040593 0.032468
0 0.398770 0.282761 0.022396 0.050325
0 0.184606 0.512468 0.027995 0.058442
0 0.378473 0.758410 0.043393 0.050325
0 0.436563 0.772209 0.044792 0.051948
0 0.405769 0.677241 0.055991 0.086039
0 0.447762 0.603377 0.022396 0.061688
