0 0.368931 0.187474 0.146288 0.376623
0 0.481085 0.094942 0.119468 0.185065
0 0.535333 0.325461 0.203584 0.438312
0 0.709050 0.534065 0.216993 0.261364
0 0.891910 0.715883 0.202365 0.209416
0 0.720631 0.788124 0.327928 0.123377
0 0.450609 0.680981 0.234060 0.347403
0 0.530457 0.510526 0.130440 0.159091
0 0.473771 0.431792 0.058515 0.053571
0 0.456704 0.480494 0.053639 0.069805
0 0.465237 0.539747 0.087773 0.100649
0 0.339064 0.297052 0.049982 0.076299
0 0.334188 0.352247 0.062172 0.060065
0 0.245806 0.215072 0.168231 0.275974
0 0.225691 0.438286 0.125564 0.167208
0 0.138528 0.551111 0.060953 0.139610
0 0.153157 0.707766 0.163355 0.238636
0 0.256168 0.857117 0.064610 0.069805
0 0.405503 0.924487 0.119468 0.110390
0 0.119633 0.115234 0.057296 0.086039
0 0.698078 0.698026 0.021943 0.034091
0 0.509733 0.637961 0.059734 0.076299
0 0.283597 0.430169 0.029258 0.037338
0 0.293349 0.311662 0.053639 0.047078
