0 0.453371 0.648012 0.070968 0.252077
0 0.401220 0.644913 0.050538 0.150833
0 0.353909 0.588093 0.054839 0.123972
0 0.336704 0.518875 0.080645 0.097112
0 0.289392 0.570530 0.046237 0.088847
0 0.291543 0.667641 0.052688 0.101244
0 0.349070 0.712065 0.092473 0.115707
0 0.329715 0.777150 0.051613 0.043390
0 0.493156 0.525073 0.043011 0.059920
0 0.450145 0.271964 0.066667 0.115707
0 0.418962 0.361843 0.055914 0.154965
0 0.256059 0.136627 0.115054 0.204554
0 0.488855 0.165554 0.066667 0.109509
0 0.393156 0.309155 0.053763 0.243812
0 0.417887 0.289526 0.070968 0.142568
0 0.381328 0.748223 0.077419 0.080582
0 0.460360 0.356678 0.039785 0.090913
0 0.484554 0.487882 0.103226 0.121906
