0 0.777722 0.041084 0.114719 0.060065
0 0.938977 0.244006 0.073593 0.082792
0 0.957376 0.395791 0.062771 0.097403
0 0.719280 0.322739 0.149351 0.100649
0 0.762570 0.196116 0.149351 0.038961
0 0.694389 0.117382 0.099567 0.073052
0 0.532051 0.128746 0.073593 0.043831
0 0.459540 0.144168 0.088745 0.061688
0 0.462787 0.207480 0.099567 0.061688
0 0.536380 0.202610 0.112554 0.087662
0 0.628371 0.229395 0.097403 0.063312
0 0.490925 0.261863 0.090909 0.053571
0 0.591575 0.356019 0.162338 0.102273
0 0.585081 0.417707 0.067100 0.069805
0 0.648934 0.438811 0.103896 0.066558
0 0.805860 0.423389 0.145022 0.116883
0 0.895687 0.512675 0.125541 0.129870
0 0.962787 0.532155 0.073593 0.071429
0 0.716034 0.565434 0.177489 0.115260
0 0.819930 0.568681 0.160173 0.115260
0 0.593739 0.488324 0.106061 0.051948
0 0.527722 0.434752 0.095238 0.094156
0 0.616466 0.551636 0.116883 0.103896
0 0.646769 0.583291 0.099567 0.047078
0 0.669497 0.716408 0.196970 0.154221
0 0.742008 0.745629 0.099567 0.053571
0 0.812354 0.680694 0.110390 0.125000
0 0.841575 0.760239 0.129870 0.199675
0 0.139194 0.672577 0.201299 0.212662
0 0.376207 0.602772 0.090909 0.086039
0 0.295038 0.584915 0.071429 0.053571
0 0.310189 0.755369 0.192641 0.313312
0 0.325341 0.931506 0.175325 0.103896
0 0.419497 0.909590 0.168831 0.125000
0 0.467116 0.731830 0.129870 0.133117
0 0.520146 0.537025 0.114719 0.064935
0 0.536380 0.704233 0.047619 0.074675
0 0.433566 0.502123 0.110390 0.053571
0 0.352397 0.506181 0.073593 0.061688
0 0.234432 0.481019 0.093074 0.105519
0 0.058025 0.430694 0.095238 0.030844
0 0.040709 0.497252 0.082251 0.079545
0 0.175990 0.200175 0.136364 0.102273
0 0.187895 0.244006 0.082251 0.082792
0 0.288544 0.283778 0.097403 0.074675
0 0.333999 0.256181 0.136364 0.064935
0 0.355644 0.309752 0.127706 0.107143
0 0.147852 0.039460 0.162338 0.073052
0 0.178155 0.089785 0.170996 0.108766
0 0.621878 0.156343 0.075758 0.043831
0 0.441142 0.320304 0.051948 0.050325
0 0.580752 0.628746 0.088745 0.050325
0 0.699800 0.962350 0.261905 0.061688
0 0.693306 0.935564 0.101732 0.066558
0 0.634865 0.920954 0.110390 0.076299
0 0.964951 0.598713 0.060606 0.090909
0 0.049367 0.364136 0.064935 0.053571
0 0.116466 0.399850 0.069264 0.034091
0 0.323176 0.361700 0.054113 0.025974
