0 0.784833 0.832250 0.117333 0.158500
0 0.897083 0.806000 0.109833 0.148000
0 0.717417 0.755250 0.070167 0.123000
0 0.676667 0.241125 0.073667 0.111250
0 0.675333 0.333875 0.040333 0.065750
0 0.360083 0.560375 0.104833 0.139750
0 0.468000 0.269250 0.090333 0.115500
0 0.326333 0.522375 0.083333 0.128250
0 0.297250 0.188625 0.069500 0.106250
0 0.275333 0.332875 0.098000 0.130250
0 0.189917 0.268750 0.085500 0.123000
0 0.056583 0.428625 0.102167 0.148750
0 0.089583 0.656750 0.062500 0.122000
0 0.154833 0.688000 0.107000 0.157500
0 0.214417 0.732750 0.090167 0.151000
