0 0.173115 0.553406 0.124504 0.188823
0 0.744544 0.279597 0.058036 0.065807
0 0.690848 0.346892 0.124256 0.132275
0 0.799231 0.331184 0.105903 0.137897
0 0.138021 0.332507 0.083581 0.101521
0 0.070188 0.259921 0.065476 0.082672
0 0.520089 0.776786 0.101687 0.132937
0 0.300471 0.803241 0.180308 0.212302
0 0.862847 0.301257 0.093254 0.138228
0 0.501860 0.245536 0.102927 0.135913
0 0.826513 0.442130 0.107887 0.112434
0 0.675719 0.470073 0.151042 0.186177
0 0.307540 0.364253 0.119544 0.145833
0 0.266617 0.607970 0.169643 0.219246
0 0.549603 0.379134 0.143849 0.228505
0 0.064484 0.677083 0.092262 0.144511
