0 0.067000 0.611375 0.094333 0.143750
0 0.037500 0.757375 0.057667 0.106250
0 0.120500 0.809375 0.111000 0.145750
0 0.125000 0.697750 0.081333 0.135500
0 0.177000 0.729750 0.067333 0.138500
0 0.314583 0.821875 0.064500 0.091750
0 0.799500 0.711250 0.100000 0.150000
0 0.936417 0.592125 0.102833 0.155250
0 0.795833 0.477000 0.113333 0.160500
0 0.921167 0.734375 0.086000 0.131250
0 0.850000 0.666625 0.061667 0.095750
0 0.875000 0.522375 0.064667 0.130250
0 0.990083 0.376875 0.019833 0.106250
0 0.794083 0.378625 0.077833 0.092750
0 0.806917 0.122750 0.072833 0.077000
0 0.269083 0.480625 0.072167 0.082250
0 0.296167 0.568625 0.097333 0.118750
0 0.372333 0.488875 0.067333 0.090750
0 0.212167 0.345875 0.051333 0.054250
0 0.568083 0.132250 0.053500 0.066500
0 0.302833 0.058750 0.057667 0.086500
0 0.266333 0.154250 0.090333 0.125000
0 0.204167 0.196375 0.055000 0.115750
