0 0.772583 0.332750 0.085500 0.126000
0 0.553167 0.710375 0.141000 0.206250
0 0.625000 0.259875 0.076333 0.119750
0 0.550333 0.224375 0.092333 0.130250
0 0.532583 0.339500 0.079167 0.089500
0 0.912500 0.533750 0.058333 0.086500
0 0.471500 0.803000 0.076333 0.100000
0 0.400667 0.836500 0.072333 0.100000
0 0.493417 0.381250 0.088167 0.129000
0 0.381917 0.413500 0.104167 0.154000
0 0.338500 0.661875 0.068667 0.092750
0 0.377750 0.566125 0.090167 0.130250
0 0.291000 0.256250 0.091667 0.152000
0 0.123250 0.188000 0.059167 0.072000
0 0.021250 0.232250 0.042167 0.085500
0 0.063583 0.149000 0.061833 0.075000
0 0.655917 0.019250 0.071500 0.032500
0 0.153833 0.439125 0.109000 0.119750
