0 0.080917 0.854125 0.113167 0.170750
0 0.280500 0.551000 0.091667 0.116500
0 0.167333 0.736500 0.090333 0.127000
0 0.116333 0.654750 0.068667 0.149000
0 0.329500 0.691125 0.071667 0.138750
0 0.259000 0.809875 0.080667 0.086250
0 0.510333 0.275500 0.083333 0.111500
0 0.720417 0.380125 0.086833 0.133250
0 0.819417 0.534875 0.106833 0.123750
0 0.787833 0.313500 0.088333 0.108500
0 0.827417 0.388625 0.067500 0.093750
0 0.737167 0.644750 0.060333 0.075000
0 0.794083 0.763500 0.039500 0.062500
0 0.936750 0.525000 0.072167 0.116500
0 0.391333 0.191125 0.068667 0.096750
