0 0.693667 0.106750 0.098000 0.136500
0 0.625583 0.201000 0.111833 0.148000
0 0.550000 0.100500 0.066000 0.107500
0 0.482583 0.193750 0.100833 0.114500
0 0.564167 0.446875 0.084667 0.108250
0 0.601667 0.722875 0.107000 0.172750
0 0.796833 0.918250 0.098667 0.149000
0 0.718000 0.806750 0.123000 0.155000
0 0.731833 0.653625 0.117333 0.155250
0 0.684333 0.553000 0.091667 0.100000
0 0.665167 0.371875 0.091000 0.102250
0 0.373583 0.532250 0.071500 0.104000
0 0.077333 0.590000 0.109667 0.138500
0 0.198583 0.613000 0.078500 0.128000
0 0.265917 0.253625 0.086833 0.132250
0 0.346500 0.224500 0.063000 0.076000
0 0.124917 0.465625 0.088167 0.127250
0 0.120417 0.350000 0.086167 0.096000
0 0.054833 0.464500 0.067333 0.100000
0 0.209667 0.390625 0.060333 0.116750
