0 0.063917 0.294250 0.104167 0.130000
0 0.366000 0.851000 0.069333 0.089500
0 0.359000 0.564000 0.102667 0.147000
0 0.446833 0.624375 0.109000 0.155250
0 0.644000 0.187375 0.066000 0.085250
0 0.760417 0.270750 0.077833 0.100000
0 0.655250 0.835500 0.103500 0.137500
0 0.725000 0.703625 0.122333 0.159250
0 0.496500 0.480125 0.105667 0.154250
0 0.556250 0.618625 0.101500 0.106250
0 0.665583 0.430625 0.104833 0.142750
0 0.587167 0.470875 0.091000 0.116750
0 0.804500 0.670375 0.066000 0.119750
0 0.884333 0.671250 0.100667 0.163500
