0 0.163583 0.443750 0.072167 0.104000
0 0.276750 0.418750 0.068167 0.089500
0 0.174917 0.273375 0.036833 0.061250
0 0.142750 0.305625 0.045833 0.057250
0 0.519750 0.170250 0.047167 0.076000
0 0.699667 0.248875 0.059667 0.079250
0 0.657333 0.326000 0.057000 0.071000
0 0.912500 0.215625 0.056333 0.081250
0 0.942083 0.513500 0.037500 0.048000
0 0.929500 0.465625 0.044333 0.056250
0 0.296583 0.877125 0.088167 0.106250
0 0.203833 0.903625 0.089000 0.109250
0 0.185000 0.826000 0.058333 0.073000
0 0.857583 0.340625 0.036833 0.052250
0 0.697333 0.374500 0.041000 0.065500
0 0.721917 0.333000 0.047167 0.074000
0 0.756000 0.221250 0.036000 0.038500
0 0.441333 0.457250 0.036000 0.048000
0 0.608000 0.535375 0.132000 0.160250
0 0.599333 0.629250 0.048000 0.066500
0 0.637833 0.695250 0.076333 0.099000
