0 0.030917 0.142750 0.030500 0.054000
0 0.240167 0.190500 0.092333 0.112500
0 0.260417 0.065625 0.029833 0.041750
0 0.037083 0.431750 0.061167 0.084500
0 0.101000 0.432875 0.061000 0.080250
0 0.242667 0.297375 0.057000 0.065750
0 0.314500 0.172375 0.031333 0.048750
0 0.561417 0.573375 0.069500 0.103250
0 0.477083 0.068250 0.036833 0.053000
0 0.549250 0.056125 0.039500 0.043750
0 0.575333 0.127625 0.052667 0.053250
0 0.616667 0.151500 0.032667 0.047000
0 0.671833 0.149000 0.034667 0.060500
0 0.467250 0.874000 0.079833 0.125000
0 0.596500 0.923000 0.066000 0.100000
0 0.717333 0.818750 0.052000 0.085500
0 0.408667 0.753625 0.073667 0.117750
0 0.481833 0.761500 0.074333 0.098000
0 0.446417 0.658875 0.070167 0.092750
0 0.906250 0.752625 0.070167 0.103250
0 0.956167 0.812500 0.056333 0.085500
0 0.924250 0.659875 0.060500 0.063750
0 0.803083 0.485875 0.084833 0.094750
0 0.868000 0.420375 0.061667 0.105250
0 0.541917 0.480750 0.055500 0.059500
0 0.599667 0.435500 0.066667 0.087500
0 0.631583 0.360375 0.052833 0.077250
0 0.621833 0.272875 0.052667 0.068750
0 0.802000 0.310375 0.039667 0.043750
0 0.820417 0.350500 0.044500 0.047000
0 0.962417 0.262500 0.047833 0.060500
0 0.762083 0.277000 0.044500 0.035500
0 0.813833 0.053625 0.046667 0.059250
0 0.842333 0.303625 0.039667 0.055250
