0 0.968750 0.354001 0.062500 0.108135
0 0.967510 0.500000 0.064980 0.111772
0 0.889385 0.435847 0.147321 0.195106
0 0.624504 0.555886 0.116567 0.136243
0 0.737227 0.686343 0.133681 0.204034
0 0.346726 0.362930 0.087302 0.099537
0 0.777654 0.285880 0.174355 0.231812
0 0.119296 0.085483 0.146825 0.163690
0 0.920263 0.176257 0.159474 0.226190
0 0.131200 0.201389 0.121032 0.142857
0 0.295387 0.523479 0.122024 0.132275
0 0.414931 0.545966 0.107143 0.143519
0 0.572049 0.429233 0.134177 0.173280
0 0.608507 0.725364 0.144593 0.200066
0 0.098834 0.419974 0.126240 0.150794
0 0.202629 0.388228 0.151786 0.197090
0 0.184896 0.491071 0.056796 0.060847
0 0.226190 0.495701 0.031250 0.038360
0 0.910714 0.030589 0.051091 0.038690
0 0.816592 0.052083 0.050347 0.044643
0 0.364831 0.109292 0.103175 0.103505
