0 0.350074 0.296958 0.085565 0.113095
0 0.982763 0.239253 0.034474 0.058532
0 0.300099 0.380622 0.108631 0.099868
0 0.791295 0.159888 0.043403 0.063823
0 0.135541 0.241071 0.134673 0.158069
0 0.280630 0.271660 0.089534 0.107474
0 0.931052 0.251488 0.069940 0.089616
0 0.025174 0.075066 0.049851 0.084656
0 0.307664 0.170139 0.101438 0.110119
0 0.738839 0.440311 0.081349 0.095569
0 0.255828 0.465278 0.124256 0.136243
0 0.401910 0.341601 0.124256 0.152778
0 0.348338 0.490245 0.113343 0.181548
0 0.802951 0.507937 0.102927 0.134259
0 0.426463 0.200893 0.094990 0.141865
0 0.855283 0.251653 0.063244 0.075397
0 0.143229 0.643022 0.169395 0.186177
0 0.273686 0.655589 0.154018 0.187500
0 0.309152 0.044974 0.044891 0.050265
0 0.405258 0.039187 0.036706 0.032077
0 0.163566 0.047288 0.044891 0.043651
