0 0.163500 0.714125 0.110333 0.167750
0 0.325667 0.605750 0.127667 0.176000
0 0.050667 0.233875 0.075000 0.119750
0 0.529167 0.453125 0.093000 0.160250
0 0.551667 0.935375 0.100667 0.129250
0 0.763500 0.301000 0.067333 0.089500
0 0.738583 0.166625 0.079833 0.122750
0 0.487833 0.089625 0.085333 0.116750
0 0.590000 0.300000 0.070000 0.098000
0 0.695417 0.352750 0.072833 0.111500
0 0.668750 0.526625 0.065167 0.092750
0 0.724333 0.777500 0.001333 0.001000
0 0.448583 0.666750 0.097167 0.150000
0 0.525667 0.684875 0.064000 0.092750
0 0.509333 0.824000 0.132667 0.177000
