0 0.315583 0.506500 0.098500 0.141500
0 0.452500 0.473875 0.107333 0.160750
0 0.446417 0.624375 0.090500 0.107750
0 0.639167 0.289000 0.071667 0.100000
0 0.611583 0.382625 0.074500 0.097750
0 0.700000 0.321250 0.044333 0.081500
0 0.866000 0.384250 0.063000 0.094500
0 0.625333 0.158625 0.058667 0.067250
0 0.381500 0.078250 0.065333 0.100000
0 0.096750 0.083125 0.088500 0.142250
0 0.064417 0.177750 0.039833 0.075000
0 0.112667 0.560375 0.079667 0.090250
0 0.905083 0.964625 0.100833 0.070750
0 0.125000 0.028875 0.050667 0.057250
0 0.361250 0.272750 0.113167 0.156500
0 0.412667 0.747875 0.040667 0.065250
0 0.476417 0.897750 0.034833 0.067500
