0 0.158333 0.883750 0.080000 0.111500
0 0.099333 0.662000 0.085333 0.115500
0 0.369500 0.742625 0.042333 0.066750
0 0.384417 0.668125 0.036167 0.057250
0 0.096833 0.457375 0.043000 0.056250
0 0.133000 0.486375 0.041667 0.058250
0 0.835750 0.664000 0.063833 0.078000
0 0.914500 0.709000 0.046667 0.067500
0 0.844083 0.530250 0.070833 0.098000
0 0.316667 0.239500 0.039667 0.060500
0 0.287833 0.098375 0.034667 0.040750
0 0.365667 0.208250 0.040333 0.064500
0 0.427083 0.062500 0.034167 0.039500
0 0.514917 0.037500 0.034833 0.035500
0 0.511500 0.100500 0.032000 0.040500
0 0.428250 0.161000 0.038833 0.059500
0 0.496500 0.156250 0.034000 0.046000
0 0.523250 0.152625 0.026500 0.042750
0 0.597583 0.084375 0.034833 0.043750
0 0.682667 0.129750 0.043667 0.046500
0 0.661167 0.064625 0.032667 0.045750
0 0.793750 0.083250 0.029833 0.037500
0 0.910750 0.048375 0.030500 0.042750
0 0.594417 0.201000 0.039500 0.052000
0 0.577500 0.301000 0.050000 0.075000
0 0.347167 0.544125 0.056333 0.063750
0 0.348917 0.606250 0.045833 0.048000
0 0.436750 0.539625 0.054833 0.081250
0 0.466417 0.647375 0.059833 0.071750
0 0.567083 0.671875 0.040167 0.052250
0 0.345500 0.459250 0.061000 0.050000
0 0.422167 0.360375 0.041000 0.056250
0 0.553833 0.486875 0.032000 0.042750
0 0.569750 0.528625 0.063833 0.061250
0 0.614917 0.497250 0.038833 0.053000
0 0.926083 0.613000 0.063833 0.088500
0 0.982500 0.495750 0.035000 0.085500
0 0.818000 0.228125 0.042333 0.066750
0 0.855833 0.235375 0.041667 0.064750
0 0.888250 0.316250 0.054833 0.055000
0 0.598333 0.251625 0.041667 0.055250
0 0.419083 0.269750 0.045833 0.048000
0 0.425917 0.293750 0.037500 0.048000
0 0.898250 0.230750 0.030500 0.047000
0 0.542417 0.325000 0.038167 0.066500
0 0.532833 0.405375 0.032000 0.043750
0 0.468417 0.145375 0.026500 0.044750
