0 0.464417 0.883500 0.114500 0.200000
0 0.706250 0.132875 0.078500 0.105250
0 0.702000 0.233375 0.050667 0.054250
0 0.826000 0.741125 0.122333 0.155250
0 0.760333 0.670875 0.081333 0.129250
0 0.937500 0.718750 0.107667 0.171000
0 0.397167 0.475500 0.107667 0.138500
0 0.088500 0.340125 0.105667 0.140750
0 0.111750 0.574375 0.068833 0.117750
0 0.182917 0.598000 0.115167 0.150000
0 0.237833 0.656250 0.098667 0.102000
0 0.327000 0.099375 0.066000 0.092750
0 0.309667 0.250500 0.089667 0.117500
0 0.207583 0.173500 0.089500 0.111500
0 0.485083 0.176750 0.084833 0.086500
0 0.356750 0.425875 0.080500 0.096750
