0 0.790551 0.748347 0.069196 0.097222
0 0.888641 0.015542 0.043155 0.030423
0 0.260169 0.893519 0.067956 0.068122
0 0.679191 0.017526 0.073165 0.034392
0 0.310640 0.016204 0.073661 0.031746
0 0.930556 0.593585 0.074405 0.093254
0 0.539187 0.886905 0.094246 0.147487
0 0.362351 0.935185 0.112599 0.129630
0 0.720114 0.755622 0.077133 0.109127
0 0.859375 0.571925 0.084821 0.120040
0 0.445933 0.916667 0.106647 0.152778
0 0.893849 0.746528 0.086310 0.109458
0 0.867436 0.452216 0.098958 0.125992
0 0.349826 0.338790 0.132192 0.168981
0 0.565104 0.631614 0.108879 0.154101
0 0.153770 0.499835 0.161210 0.191468
0 0.141245 0.629134 0.153522 0.161045
0 0.167163 0.840608 0.139881 0.195767
0 0.300843 0.165675 0.159722 0.211640
0 0.968378 0.021660 0.059276 0.042659
0 0.459821 0.772156 0.117560 0.078042
