0 0.163917 0.420875 0.071500 0.083250
0 0.283667 0.769250 0.084667 0.132500
0 0.402083 0.676500 0.102167 0.136500
0 0.490667 0.286375 0.068000 0.079250
0 0.657917 0.341125 0.062500 0.088750
0 0.638583 0.160375 0.061167 0.064750
0 0.544417 0.542250 0.085500 0.124000
0 0.503083 0.713625 0.077833 0.118750
0 0.569083 0.715125 0.054167 0.069750
0 0.566333 0.828625 0.098667 0.138750
0 0.632917 0.887000 0.072167 0.101000
0 0.557583 0.436500 0.070167 0.075000
0 0.205917 0.352000 0.061167 0.064500
0 0.630917 0.471375 0.073500 0.080250
0 0.633667 0.610875 0.043000 0.053250
0 0.790250 0.595750 0.072833 0.100000
0 0.916667 0.464500 0.070000 0.098000
0 0.908750 0.348875 0.054167 0.068750
0 0.986083 0.578625 0.027167 0.073750
0 0.840667 0.713000 0.043000 0.076000
0 0.838833 0.428625 0.066000 0.084250
0 0.681583 0.454625 0.038833 0.071750
0 0.897917 0.133875 0.046500 0.084250
