0 0.107667 0.293250 0.064667 0.084500
0 0.258000 0.231250 0.093000 0.121000
0 0.291000 0.033250 0.082667 0.064500
0 0.317417 0.139500 0.088167 0.114500
0 0.669750 0.452625 0.069500 0.096750
0 0.412917 0.274500 0.079167 0.122000
0 0.546500 0.333750 0.089667 0.149000
0 0.499333 0.296875 0.050667 0.072750
0 0.723167 0.025000 0.041667 0.048000
0 0.754833 0.065000 0.057667 0.063500
0 0.805917 0.053625 0.048500 0.055250
0 0.780250 0.118250 0.063833 0.076000
0 0.933667 0.651500 0.086000 0.111500
0 0.665000 0.892750 0.091667 0.127000
0 0.595833 0.668250 0.124333 0.190500
0 0.377083 0.449000 0.085500 0.110500
0 0.488917 0.552625 0.070167 0.107250
0 0.585000 0.825500 0.125000 0.165500
0 0.456917 0.744750 0.118833 0.179000
0 0.343750 0.516625 0.063167 0.085250
