0 0.964410 0.514550 0.071181 0.109127
0 0.276662 0.453373 0.160962 0.157407
0 0.980903 0.393519 0.038194 0.136905
0 0.777530 0.054398 0.098214 0.108135
0 0.388765 0.774802 0.069196 0.101190
0 0.489583 0.234954 0.056548 0.105489
0 0.619792 0.673776 0.085813 0.122024
0 0.398562 0.629134 0.065972 0.111442
0 0.172371 0.696925 0.132440 0.172950
0 0.920883 0.591270 0.079365 0.098545
0 0.898686 0.452216 0.083581 0.106812
0 0.844618 0.678241 0.067212 0.087963
0 0.774678 0.351687 0.115823 0.137897
0 0.961310 0.917659 0.077381 0.164021
0 0.661210 0.299769 0.087302 0.125992
0 0.769593 0.187831 0.121528 0.146825
0 0.365699 0.930556 0.119296 0.138889
0 0.769345 0.492560 0.137401 0.196098
0 0.178447 0.337302 0.188244 0.265212
0 0.265501 0.596892 0.152530 0.179233
0 0.527282 0.663856 0.109623 0.157077
0 0.216518 0.837798 0.160218 0.227183
0 0.236855 0.187665 0.112599 0.119378
0 0.884177 0.740906 0.105655 0.138558
0 0.801463 0.667493 0.076141 0.127976
