0 0.029167 0.245750 0.030000 0.035500
0 0.058333 0.217750 0.024333 0.035500
0 0.057333 0.250500 0.027667 0.030000
0 0.081250 0.209875 0.028500 0.021750
0 0.204833 0.315500 0.024333 0.033500
0 0.249333 0.425500 0.032667 0.040500
0 0.287917 0.390125 0.029167 0.046750
0 0.300000 0.266750 0.028333 0.037500
0 0.338167 0.240625 0.025667 0.020750
0 0.127417 0.642125 0.034833 0.046750
0 0.160750 0.663000 0.030500 0.042500
0 0.313583 0.804625 0.072167 0.092750
0 0.488250 0.923875 0.061833 0.091750
0 0.369083 0.736375 0.054167 0.091750
0 0.313833 0.537000 0.034000 0.049000
0 0.559333 0.751500 0.026333 0.053000
0 0.313917 0.755125 0.054833 0.056250
0 0.348250 0.431250 0.036167 0.046000
0 0.317417 0.322375 0.020167 0.030250
0 0.326417 0.391125 0.028500 0.042750
0 0.348667 0.393250 0.017333 0.024000
0 0.333333 0.342625 0.023000 0.031250
0 0.344083 0.326000 0.023500 0.033500
0 0.402417 0.366125 0.026500 0.032250
0 0.403167 0.319250 0.023667 0.032500
0 0.440333 0.321375 0.025667 0.034250
0 0.472167 0.350000 0.025667 0.033500
0 0.495500 0.358250 0.022333 0.029000
0 0.379500 0.442125 0.025000 0.040750
0 0.467667 0.452625 0.023667 0.032250
0 0.577750 0.567125 0.036833 0.055250
0 0.426000 0.465625 0.033333 0.045750
0 0.424000 0.500000 0.034667 0.041500
0 0.446583 0.526125 0.020167 0.043750
0 0.493750 0.588500 0.039500 0.054000
0 0.562167 0.625500 0.026333 0.036500
0 0.559750 0.649875 0.046500 0.056250
0 0.627417 0.669250 0.037500 0.055000
0 0.984417 0.864500 0.027833 0.073000
0 0.440333 0.281750 0.024333 0.028000
0 0.468083 0.263000 0.028500 0.026000
0 0.606583 0.565000 0.030500 0.038500
0 0.611833 0.527000 0.027000 0.035500
0 0.630917 0.532750 0.020833 0.036500
0 0.558667 0.477125 0.025000 0.041750
0 0.586750 0.469250 0.020167 0.030000
0 0.641667 0.515625 0.031333 0.047750
0 0.580833 0.405750 0.033333 0.047000
0 0.604833 0.392750 0.032667 0.048000
0 0.550000 0.330625 0.023000 0.032250
0 0.617750 0.325500 0.020833 0.040500
0 0.569333 0.338250 0.025000 0.032500
0 0.513833 0.250000 0.017333 0.021000
0 0.517000 0.268750 0.018000 0.021000
0 0.562167 0.162500 0.019333 0.023000
0 0.622583 0.177625 0.015167 0.021750
0 0.632667 0.190125 0.014667 0.017750
0 0.756250 0.152625 0.013167 0.021750
0 0.718000 0.205625 0.032667 0.042750
0 0.710417 0.370250 0.046500 0.047000
0 0.737583 0.245750 0.022833 0.033500
0 0.788167 0.321375 0.025667 0.042750
0 0.757000 0.283875 0.039667 0.044750
0 0.821250 0.513375 0.040167 0.068750
0 0.776750 0.482750 0.029167 0.051000
0 0.854833 0.283875 0.025667 0.032250
0 0.916333 0.315000 0.022333 0.024000
0 0.911083 0.288000 0.021500 0.026000
0 0.884000 0.293250 0.027000 0.038500
0 0.827083 0.602625 0.039500 0.057250
0 0.870500 0.548000 0.045667 0.068500
0 0.866667 0.611000 0.032667 0.036500
0 0.942750 0.502625 0.030500 0.040750
0 0.959750 0.582250 0.021500 0.033500
0 0.900667 0.633875 0.034000 0.042750
0 0.905917 0.685375 0.031833 0.033250
0 0.970417 0.624875 0.037500 0.060250
0 0.925000 0.613500 0.053333 0.079000
