0 0.956969 0.246197 0.086062 0.145172
0 0.806920 0.260086 0.141121 0.122024
0 0.172123 0.600860 0.111111 0.177249
0 0.134301 0.273810 0.067708 0.086640
0 0.937624 0.391204 0.109375 0.116402
0 0.209077 0.345403 0.081845 0.091601
0 0.907614 0.269511 0.106895 0.150132
0 0.671503 0.721065 0.114831 0.152447
0 0.083581 0.707011 0.139385 0.204365
0 0.365947 0.571429 0.179315 0.229497
0 0.390625 0.333003 0.119048 0.150132
0 0.646081 0.326389 0.159226 0.248016
0 0.418403 0.777612 0.196429 0.225860
0 0.806672 0.382937 0.177331 0.222222
0 0.592262 0.176753 0.110615 0.147817
0 0.722966 0.940972 0.114583 0.108796
