0 0.169500 0.171875 0.067333 0.068750
0 0.018417 0.702125 0.036167 0.066750
0 0.050750 0.521250 0.086833 0.124000
0 0.119750 0.402625 0.087500 0.128250
0 0.326750 0.542250 0.101500 0.136500
0 0.258333 0.630750 0.116000 0.149000
0 0.127417 0.505125 0.079167 0.091750
0 0.324333 0.203125 0.064667 0.079250
0 0.186500 0.375500 0.083333 0.111500
0 0.264583 0.333750 0.077167 0.111500
0 0.429167 0.492250 0.091000 0.138500
0 0.867417 0.308500 0.089500 0.125000
0 0.710750 0.322375 0.098500 0.132250
0 0.705583 0.749500 0.072833 0.099000
0 0.861083 0.826625 0.118833 0.167750
0 0.737583 0.836000 0.115167 0.162500
