0 0.054833 0.768750 0.081333 0.096000
0 0.034000 0.687000 0.060333 0.084500
0 0.169083 0.449000 0.023500 0.035500
0 0.194083 0.457250 0.020833 0.027000
0 0.233333 0.436375 0.059000 0.079250
0 0.273583 0.387000 0.054833 0.072000
0 0.274667 0.517625 0.061000 0.083250
0 0.234750 0.488000 0.036833 0.045000
0 0.376417 0.488500 0.052167 0.071000
0 0.348250 0.571875 0.048500 0.070750
0 0.289167 0.582875 0.038333 0.046250
0 0.336083 0.262000 0.038167 0.049000
0 0.315250 0.341125 0.031167 0.046750
0 0.578167 0.365000 0.043000 0.061500
0 0.493750 0.475500 0.046500 0.063500
0 0.665583 0.411375 0.036167 0.054250
0 0.715250 0.456250 0.038167 0.052000
0 0.902750 0.517250 0.022833 0.038500
0 0.695083 0.596875 0.046500 0.054250
0 0.812083 0.461000 0.037500 0.061500
0 0.890917 0.382250 0.028500 0.041500
0 0.918750 0.419250 0.025833 0.038500
0 0.890250 0.430625 0.027167 0.032250
0 0.150750 0.822250 0.034167 0.040500
0 0.421917 0.514000 0.038833 0.049000
0 0.128833 0.443750 0.036000 0.037500
