0 0.970858 0.672950 0.047867 0.089947
0 0.139633 0.606978 0.081349 0.100198
0 0.085689 0.507606 0.100446 0.095238
0 0.183532 0.645833 0.058532 0.091270
0 0.910962 0.309854 0.080357 0.099868
0 0.582837 0.763724 0.104663 0.168981
0 0.917907 0.688327 0.106647 0.119378
0 0.634301 0.322917 0.107887 0.144511
0 0.348338 0.183036 0.102927 0.139220
0 0.807664 0.490741 0.128224 0.162698
0 0.265377 0.109458 0.108631 0.144180
0 0.724082 0.379630 0.128720 0.164683
0 0.718626 0.633929 0.189236 0.253307
0 0.255456 0.445933 0.159722 0.198743
0 0.291047 0.670966 0.183284 0.220899
0 0.447917 0.745866 0.189980 0.240410
0 0.476314 0.320602 0.040923 0.051257
0 0.147197 0.418320 0.060268 0.066799
0 0.104291 0.423776 0.026538 0.041997
0 0.063244 0.377811 0.033234 0.055225
0 0.301215 0.319940 0.027034 0.038690
