0 0.932583 0.231750 0.099833 0.138500
0 0.325000 0.069875 0.055667 0.066750
0 0.186750 0.024375 0.047167 0.044750
0 0.234750 0.349375 0.080500 0.117750
0 0.475333 0.855250 0.098000 0.127000
0 0.088167 0.440125 0.084667 0.119750
0 0.119417 0.710875 0.056833 0.069750
0 0.175000 0.496875 0.090333 0.131250
0 0.295833 0.361375 0.043000 0.079250
0 0.258000 0.482250 0.067333 0.087500
0 0.261833 0.621750 0.090333 0.125000
0 0.414583 0.642125 0.077833 0.094750
0 0.335083 0.570750 0.072833 0.112500
0 0.479833 0.478125 0.059667 0.083250
0 0.544417 0.368750 0.072167 0.085500
0 0.640917 0.362500 0.073500 0.075000
0 0.580167 0.732875 0.089667 0.132250
0 0.512417 0.765000 0.070833 0.101000
