0 0.856000 0.655125 0.073667 0.120750
0 0.871417 0.554875 0.102167 0.155250
0 0.783583 0.603125 0.109500 0.152250
0 0.703083 0.534375 0.061167 0.104250
0 0.406250 0.401500 0.104833 0.134500
0 0.309333 0.202500 0.089000 0.113500
0 0.292250 0.060375 0.071500 0.089750
0 0.350000 0.601875 0.064667 0.110250
0 0.156500 0.567625 0.118000 0.143750
0 0.188500 0.627625 0.094333 0.096750
0 0.326000 0.373500 0.066667 0.088500
0 0.321333 0.344750 0.074333 0.096000
0 0.073917 0.564625 0.072167 0.116750
0 0.093000 0.329750 0.106333 0.140500
0 0.208667 0.202125 0.093000 0.095750
0 0.095083 0.177625 0.082500 0.103250
0 0.137500 0.127000 0.074333 0.075000
