0 0.291917 0.436875 0.095833 0.155250
0 0.042250 0.249125 0.067167 0.115750
0 0.217333 0.683875 0.085333 0.121750
0 0.569417 0.849375 0.089500 0.142750
0 0.393333 0.381250 0.101333 0.133500
0 0.422917 0.638000 0.111833 0.151000
0 0.533917 0.622875 0.070167 0.120750
0 0.406583 0.468625 0.077833 0.081250
0 0.848167 0.380750 0.084667 0.111500
0 0.635417 0.633875 0.103500 0.132250
0 0.592583 0.527000 0.079167 0.089500
0 0.495833 0.455625 0.100667 0.094750
0 0.499917 0.258375 0.081167 0.091750
0 0.735000 0.388000 0.083333 0.122000
0 0.826667 0.969750 0.098667 0.060500
