0 0.282862 0.273810 0.079117 0.062169
0 0.921627 0.500165 0.055060 0.072421
0 0.545387 0.215608 0.082837 0.118386
0 0.717510 0.225364 0.048115 0.069114
0 0.868676 0.484458 0.095982 0.113095
0 0.419891 0.149471 0.064484 0.082011
0 0.673487 0.315311 0.069692 0.094246
0 0.577629 0.067295 0.081845 0.100198
0 0.908358 0.316138 0.081597 0.095238
0 0.781002 0.357970 0.067460 0.088955
0 0.636409 0.221396 0.085317 0.125331
0 0.402406 0.446925 0.148562 0.211971
0 0.247644 0.481978 0.196181 0.257606
0 0.394097 0.822421 0.220734 0.340608
0 0.548859 0.509921 0.199901 0.284392
0 0.370164 0.176918 0.065228 0.085979
