0 0.778500 0.028375 0.049333 0.054250
0 0.908667 0.204625 0.055667 0.080250
0 0.622583 0.327125 0.072167 0.081250
0 0.614250 0.407750 0.043167 0.051000
0 0.832667 0.800000 0.102000 0.152000
0 0.738167 0.825000 0.107667 0.146000
0 0.678500 0.757250 0.064667 0.108500
0 0.291667 0.272375 0.060333 0.086250
0 0.356250 0.603125 0.100833 0.120750
0 0.196833 0.353125 0.066667 0.097750
0 0.084083 0.500000 0.093500 0.125000
0 0.328833 0.566625 0.075000 0.102250
0 0.113917 0.696875 0.053500 0.104250
0 0.170833 0.725500 0.091000 0.124000
0 0.232333 0.753125 0.073667 0.110250
0 0.277667 0.405875 0.082667 0.117250
