0 0.894333 0.277125 0.107667 0.156250
0 0.793333 0.265500 0.090333 0.125000
0 0.679083 0.096250 0.103500 0.149000
0 0.682917 0.316125 0.084833 0.109250
0 0.962333 0.078250 0.075333 0.156000
0 0.536000 0.292125 0.092333 0.119750
0 0.579500 0.411875 0.090333 0.107250
0 0.647167 0.411375 0.060333 0.095750
0 0.377750 0.746875 0.156167 0.216750
0 0.323167 0.907250 0.132000 0.162500
0 0.226333 0.769250 0.120000 0.136500
0 0.213083 0.539000 0.120167 0.149000
0 0.435000 0.282250 0.076333 0.108500
0 0.071000 0.649625 0.050667 0.070250
