0 0.751083 0.203625 0.086833 0.134250
0 0.789167 0.035500 0.066000 0.070500
0 0.793083 0.120875 0.061167 0.091750
0 0.698000 0.605250 0.095333 0.127000
0 0.650000 0.492625 0.064000 0.093750
0 0.677083 0.225500 0.061167 0.111500
0 0.441000 0.558375 0.091667 0.143750
0 0.572917 0.103625 0.052833 0.080250
0 0.670083 0.125000 0.055500 0.064500
0 0.455583 0.163500 0.061167 0.096000
0 0.363167 0.207750 0.059667 0.076000
0 0.077750 0.442125 0.052833 0.067750
0 0.494083 0.816625 0.093833 0.135250
0 0.568083 0.737375 0.070833 0.106250
0 0.505917 0.666125 0.071500 0.109250
0 0.404833 0.716125 0.057000 0.101250
0 0.474667 0.329625 0.073000 0.103250
0 0.486000 0.410875 0.059667 0.082250
0 0.278083 0.598375 0.097833 0.142750
0 0.316250 0.477625 0.070167 0.082250
0 0.342667 0.433250 0.066000 0.089500
