0 0.166583 0.802625 0.145833 0.219750
0 0.316250 0.876625 0.111833 0.169750
0 0.143000 0.641125 0.141667 0.205250
0 0.291250 0.641125 0.154833 0.234250
0 0.390917 0.766125 0.077833 0.176250
0 0.512500 0.683250 0.161000 0.250000
0 0.663917 0.656250 0.087500 0.148000
0 0.771917 0.591125 0.138167 0.211250
0 0.601000 0.531750 0.114667 0.174000
0 0.621833 0.280750 0.118667 0.186500
0 0.520083 0.192250 0.088833 0.111500
0 0.829167 0.386500 0.154000 0.173000
0 0.717000 0.192750 0.102000 0.152000
0 0.556583 0.062125 0.124167 0.123750
