0 0.177083 0.873375 0.095833 0.134250
0 0.398917 0.937500 0.086833 0.114500
0 0.524583 0.891125 0.086833 0.121750
0 0.395167 0.666625 0.075000 0.108250
0 0.901000 0.775250 0.106333 0.134500
0 0.952833 0.583375 0.066667 0.116750
0 0.940583 0.669250 0.054833 0.095000
0 0.886417 0.239125 0.078500 0.096750
0 0.837833 0.083875 0.066000 0.092750
0 0.830167 0.197875 0.052000 0.058250
0 0.670833 0.114500 0.080667 0.112500
0 0.694500 0.293750 0.075000 0.127000
0 0.642667 0.276000 0.049333 0.091500
0 0.321500 0.592125 0.097333 0.144750
0 0.381917 0.087000 0.047167 0.078000
0 0.245417 0.035375 0.061833 0.060250
0 0.276417 0.176500 0.054167 0.078000
0 0.340917 0.206750 0.079167 0.076000
0 0.304083 0.296000 0.079167 0.112500
0 0.037833 0.478625 0.074333 0.132250
0 0.154500 0.409250 0.092333 0.150000
0 0.255583 0.464500 0.077833 0.112500
0 0.321917 0.472375 0.053500 0.073750
