0 0.838917 0.407875 0.069500 0.094750
0 0.615250 0.403125 0.056833 0.091750
0 0.609667 0.048875 0.076333 0.095750
0 0.517000 0.073375 0.085333 0.117750
0 0.577083 0.397375 0.048500 0.101250
0 0.906167 0.081750 0.041667 0.053000
0 0.665250 0.546375 0.059833 0.090750
0 0.148250 0.064625 0.078500 0.118750
0 0.667750 0.667750 0.053500 0.100000
0 0.606583 0.627125 0.086833 0.131250
0 0.599583 0.714000 0.071500 0.076000
0 0.514250 0.658250 0.079833 0.125000
0 0.555500 0.859875 0.084667 0.142750
0 0.487417 0.905750 0.045833 0.072000
0 0.454833 0.779250 0.083333 0.112500
0 0.358000 0.540500 0.067333 0.100000
0 0.174250 0.675500 0.063833 0.122000
0 0.253417 0.753125 0.063833 0.091750
0 0.094083 0.199375 0.086833 0.130250
0 0.168750 0.240625 0.079167 0.110250
0 0.330167 0.388000 0.066000 0.132500
0 0.050333 0.336375 0.066000 0.070750
0 0.041333 0.224625 0.045000 0.080250
