0 0.171417 0.249000 0.088167 0.112500
0 0.314167 0.722375 0.107000 0.167750
0 0.689500 0.856750 0.125667 0.213500
0 0.783250 0.928625 0.096500 0.130250
0 0.470083 0.624000 0.132500 0.175000
0 0.607250 0.696875 0.104167 0.143750
0 0.696500 0.707250 0.067333 0.087500
0 0.601000 0.130250 0.077667 0.112500
0 0.797917 0.244875 0.079833 0.118750
0 0.781833 0.028625 0.075667 0.046750
0 0.668333 0.486375 0.109667 0.158250
0 0.648167 0.349500 0.109667 0.109500
0 0.751000 0.408375 0.089000 0.143750
0 0.817667 0.393250 0.064000 0.097000
0 0.241917 0.199500 0.055500 0.061500
