0 0.488500 0.213000 0.080667 0.115500
0 0.166583 0.596250 0.120167 0.151000
0 0.474583 0.755250 0.090167 0.123000
0 0.594333 0.779125 0.099333 0.141750
0 0.550583 0.469875 0.111833 0.156250
0 0.578083 0.366625 0.076500 0.102250
0 0.644417 0.386000 0.064500 0.111500
0 0.517667 0.368250 0.051333 0.078000
0 0.478083 0.613000 0.097167 0.138500
0 0.311333 0.511875 0.083333 0.105250
0 0.309000 0.622375 0.066000 0.103250
0 0.280500 0.700500 0.056333 0.082500
0 0.121083 0.750500 0.108500 0.136500
0 0.262417 0.168250 0.093833 0.113500
0 0.173167 0.463000 0.108333 0.109500
