0 0.929417 0.323375 0.079167 0.134250
0 0.933000 0.497875 0.052667 0.095750
0 0.974833 0.532250 0.047667 0.102000
0 0.664500 0.108250 0.068667 0.087500
0 0.540583 0.916125 0.097167 0.123750
0 0.497083 0.824000 0.110500 0.158500
0 0.607917 0.602625 0.051500 0.069750
0 0.668000 0.316125 0.063333 0.105250
0 0.685750 0.424375 0.054167 0.080250
0 0.544083 0.409375 0.072167 0.102250
0 0.625333 0.451125 0.084667 0.081250
0 0.467333 0.219750 0.077000 0.087500
0 0.101000 0.319250 0.082000 0.105000
0 0.329833 0.639500 0.114667 0.148000
0 0.504833 0.515125 0.093667 0.121750
0 0.193750 0.721375 0.096500 0.140750
0 0.442583 0.696375 0.087500 0.115750
0 0.508917 0.713000 0.061833 0.074000
