0 0.114250 0.848375 0.121500 0.153250
0 0.055500 0.814625 0.034667 0.043750
0 0.148250 0.710875 0.095167 0.115750
0 0.155167 0.531125 0.042333 0.068750
0 0.431250 0.732250 0.090167 0.125000
0 0.210083 0.572875 0.045167 0.060250
0 0.432917 0.306625 0.045167 0.055250
0 0.397833 0.131875 0.032000 0.044750
0 0.541667 0.647375 0.062333 0.088750
0 0.686833 0.796875 0.073667 0.097750
0 0.673250 0.640125 0.064500 0.096750
0 0.641667 0.735875 0.044333 0.067750
0 0.699000 0.712500 0.066000 0.087500
0 0.729167 0.759000 0.040333 0.090500
0 0.616333 0.437375 0.056333 0.068750
0 0.478833 0.499500 0.039667 0.065500
0 0.885083 0.075000 0.022833 0.035500
0 0.880167 0.122375 0.035333 0.046750
0 0.829500 0.132250 0.030000 0.039500
0 0.791667 0.150000 0.036000 0.054000
0 0.906583 0.209375 0.043833 0.056250
0 0.866667 0.245750 0.048667 0.062500
0 0.808083 0.271375 0.047833 0.053250
0 0.859000 0.307250 0.044333 0.064500
0 0.832583 0.371375 0.061167 0.090750
0 0.785750 0.381250 0.047833 0.077000
0 0.575333 0.515500 0.032667 0.050000
0 0.528833 0.545750 0.052000 0.052000
0 0.497917 0.269250 0.052833 0.067500
0 0.820083 0.572875 0.045833 0.056250
0 0.821167 0.647375 0.060333 0.088750
0 0.898917 0.538000 0.031167 0.053000
0 0.881917 0.612375 0.037500 0.056250
0 0.642750 0.233875 0.038167 0.055250
0 0.560750 0.351625 0.040833 0.055250
0 0.585833 0.365625 0.034000 0.056250
0 0.562083 0.302000 0.063167 0.064500
