0 0.526333 0.846375 0.115333 0.155250
0 0.771917 0.640000 0.070167 0.099000
0 0.843417 0.251625 0.054833 0.069750
0 0.802750 0.354750 0.068167 0.088500
0 0.883667 0.236375 0.049333 0.079250
0 0.728500 0.108750 0.066667 0.088500
0 0.752750 0.296750 0.059833 0.100000
0 0.707583 0.332250 0.038833 0.058500
0 0.892333 0.302625 0.040333 0.080250
0 0.646833 0.074875 0.056333 0.081250
0 0.602000 0.124000 0.050000 0.073000
0 0.548250 0.094875 0.050833 0.081250
0 0.669083 0.540625 0.061833 0.093750
0 0.613167 0.482875 0.068000 0.105250
0 0.592417 0.568250 0.054167 0.074000
0 0.658667 0.637000 0.041000 0.053000
0 0.476000 0.568250 0.081333 0.111500
0 0.459417 0.434875 0.079833 0.094750
0 0.354167 0.373000 0.065333 0.075000
0 0.400000 0.580750 0.072333 0.088500
0 0.390917 0.730625 0.054167 0.069750
0 0.412167 0.876000 0.057667 0.079000
0 0.464583 0.889000 0.054167 0.072000
0 0.456167 0.682875 0.066667 0.105250
0 0.076667 0.328125 0.057667 0.077250
0 0.231250 0.355250 0.052833 0.064500
0 0.218000 0.474000 0.051333 0.064500
0 0.590167 0.601125 0.073667 0.107750
0 0.673500 0.758125 0.048667 0.068750
