0 0.512051 0.441393 0.138799 0.172078
0 0.661199 0.576133 0.157062 0.185065
0 0.876094 0.191393 0.175325 0.262987
0 0.795736 0.063958 0.170455 0.108766
0 0.957668 0.099672 0.080357 0.163961
0 0.372035 0.257952 0.116883 0.149351
0 0.456045 0.262822 0.075487 0.123377
0 0.732425 0.270939 0.053571 0.129870
0 0.724511 0.787984 0.132711 0.193182
0 0.513878 0.897562 0.157062 0.152597
0 0.253326 0.537172 0.076705 0.097403
0 0.151662 0.546101 0.090097 0.121753
0 0.124876 0.300971 0.051136 0.069805
0 0.138878 0.206003 0.062094 0.064935
0 0.061564 0.124023 0.065747 0.079545
0 0.251499 0.068828 0.068182 0.118506
0 0.328813 0.106166 0.052354 0.092532
0 0.319072 0.165419 0.066964 0.035714
1 0.094438 0.384575 0.180195 0.035714
1 0.206451 0.339120 0.075487 0.107143
1 0.297766 0.391880 0.131494 0.193182
1 0.170533 0.795289 0.329951 0.373377
1 0.347684 0.401620 0.019481 0.202922
1 0.309941 0.574510 0.131494 0.194805
1 0.520574 0.670289 0.409091 0.100649
1 0.476134 0.765257 0.266640 0.154221
1 0.845655 0.932465 0.282468 0.112013
1 0.878529 0.753081 0.216721 0.178571
1 0.672766 0.163796 0.146104 0.175325
1 0.661808 0.289607 0.063312 0.154221
1 0.683723 0.060711 0.068182 0.099026
1 0.433520 0.085874 0.137581 0.120130
1 0.554056 0.197075 0.164367 0.365260
0 0.154097 0.141880 0.077922 0.095779
0 0.214973 0.081003 0.060877 0.100649
0 0.095655 0.046101 0.073052 0.063312
1 0.255761 0.223049 0.105925 0.147727
1 0.049998 0.228731 0.086445 0.120130
1 0.928447 0.387822 0.116883 0.149351
1 0.955842 0.504705 0.062094 0.081169
1 0.964365 0.583439 0.047484 0.079545
2 0.845655 0.593179 0.185065 0.147727
2 0.052433 0.526620 0.088880 0.128247
2 0.019559 0.335062 0.023133 0.050325
2 0.700769 0.434900 0.073052 0.055195
2 0.785996 0.445452 0.068182 0.060065
