0 0.571886 0.704420 0.120130 0.181818
0 0.713120 0.670330 0.112554 0.198052
0 0.162795 0.543706 0.085498 0.107143
0 0.306194 0.668706 0.062771 0.129870
0 0.383575 0.678446 0.070346 0.146104
0 0.088661 0.347278 0.071429 0.113636
1 0.879787 0.668706 0.222944 0.422078
1 0.733142 0.874063 0.366883 0.248377
1 0.630328 0.464161 0.085498 0.347403
1 0.711497 0.368381 0.089827 0.077922
1 0.747752 0.419518 0.038961 0.079545
1 0.693640 0.533154 0.075758 0.141234
1 0.246129 0.339161 0.278139 0.133117
1 0.439852 0.381369 0.139610 0.058442
1 0.539419 0.417894 0.104978 0.125000
1 0.213120 0.680070 0.069264 0.233766
2 0.776432 0.179258 0.433983 0.297078
2 0.880869 0.382180 0.209957 0.086039
2 0.071345 0.134615 0.099567 0.204545
2 0.095696 0.811563 0.143939 0.334416
