0 0.174795 0.360224 0.126623 0.149351
0 0.281938 0.442205 0.099838 0.173701
0 0.192449 0.676783 0.142451 0.165584
0 0.799389 0.134575 0.085227 0.126623
0 0.843829 0.229542 0.101055 0.086039
0 0.916272 0.220614 0.063312 0.113636
0 0.921751 0.400809 0.091315 0.103896
0 0.787822 0.512010 0.084010 0.099026
0 0.851134 0.451133 0.076705 0.113636
0 0.574754 0.520939 0.113231 0.129870
0 0.573537 0.830192 0.105925 0.128247
0 0.527270 0.904867 0.105925 0.134740
0 0.649024 0.740906 0.091315 0.137987
0 0.343423 0.913796 0.108360 0.120130
0 0.241150 0.786361 0.108360 0.144481
0 0.093220 0.158114 0.080357 0.105519
0 0.145574 0.140257 0.060877 0.089286
0 0.051215 0.098861 0.052354 0.084416
0 0.029300 0.020939 0.054789 0.035714
1 0.297766 0.154055 0.462662 0.295455
1 0.351946 0.313958 0.259334 0.199675
1 0.401256 0.635387 0.170455 0.397727
1 0.278285 0.606166 0.109578 0.144481
1 0.605801 0.281491 0.192370 0.228896
1 0.610671 0.426783 0.155844 0.139610
1 0.774430 0.316393 0.164367 0.009740
1 0.742774 0.422724 0.142451 0.063312
1 0.773821 0.329380 0.138799 0.103896
1 0.532749 0.666231 0.085227 0.215909
1 0.434738 0.906491 0.074269 0.141234
2 0.038431 0.615906 0.070617 0.758117
2 0.127311 0.504705 0.129058 0.129870
2 0.152879 0.899997 0.155844 0.176948
2 0.866353 0.779867 0.248377 0.417208
2 0.643545 0.077757 0.168019 0.126623
2 0.926012 0.058276 0.102273 0.077922
