0 0.903500 0.096875 0.116667 0.154250
0 0.768750 0.548375 0.052833 0.078250
0 0.760333 0.458875 0.047333 0.057250
0 0.822833 0.297250 0.100000 0.151000
0 0.919750 0.373375 0.064500 0.105250
0 0.882583 0.431250 0.087500 0.098000
0 0.851167 0.566250 0.077000 0.109500
0 0.764500 0.630750 0.057000 0.109500
0 0.706250 0.613000 0.062500 0.090500
0 0.080833 0.195250 0.042333 0.072000
0 0.034333 0.322875 0.057667 0.108250
0 0.184667 0.581250 0.083333 0.137500
0 0.280167 0.526000 0.064667 0.098000
0 0.388833 0.558375 0.100000 0.133250
0 0.468750 0.627000 0.070833 0.102000
0 0.525667 0.526500 0.069333 0.109500
0 0.599250 0.514500 0.077833 0.098000
0 0.560417 0.343250 0.043167 0.051000
0 0.335000 0.402625 0.084000 0.096750
0 0.262167 0.316750 0.057667 0.087500
0 0.713917 0.464000 0.045833 0.053000
