0 0.308115 0.174348 0.103490 0.137987
0 0.396994 0.068828 0.103490 0.118506
0 0.494397 0.871588 0.188718 0.220779
0 0.271589 0.837497 0.174107 0.246753
0 0.176012 0.713309 0.109578 0.180195
0 0.275850 0.553406 0.153409 0.175325
0 0.389081 0.632140 0.126623 0.196429
0 0.973496 0.632140 0.043831 0.173701
0 0.586930 0.724672 0.096185 0.128247
1 0.661808 0.266068 0.516234 0.500000
1 0.504137 0.238471 0.149756 0.181818
1 0.614324 0.318828 0.204545 0.232143
1 0.828610 0.246588 0.107143 0.155844
1 0.761037 0.336685 0.098620 0.141234
1 0.698334 0.147562 0.153409 0.240260
1 0.824957 0.142692 0.153409 0.139610
1 0.947319 0.112659 0.081575 0.144481
1 0.911402 0.351296 0.080357 0.193182
1 0.877311 0.354542 0.233766 0.193182
1 0.695899 0.856166 0.150974 0.241883
1 0.081654 0.198698 0.147321 0.248377
1 0.091394 0.068016 0.147321 0.103896
1 0.197319 0.186523 0.132711 0.194805
1 0.265501 0.059088 0.144886 0.082792
1 0.264892 0.433276 0.272727 0.123377
1 0.089568 0.436523 0.158279 0.201299
1 0.090176 0.576945 0.164367 0.092532
1 0.045128 0.709250 0.088880 0.201299
1 0.102960 0.886198 0.192370 0.201299
1 0.504137 0.563958 0.144886 0.163961
1 0.810347 0.620776 0.248377 0.202922
1 0.611889 0.589120 0.053571 0.129870
2 0.859657 0.890257 0.140016 0.199675
