0 0.419289 0.374063 0.117965 0.183442
0 0.297536 0.352959 0.110390 0.160714
0 0.168207 0.349713 0.107143 0.196429
0 0.076756 0.292083 0.073593 0.149351
0 0.134116 0.423576 0.103896 0.087662
0 0.576756 0.486888 0.084416 0.168831
0 0.746129 0.334291 0.100649 0.146104
0 0.876540 0.412213 0.112554 0.175325
0 0.834873 0.568869 0.098485 0.150974
1 0.111930 0.610265 0.200216 0.188312
1 0.203380 0.572927 0.038961 0.250000
1 0.315393 0.569680 0.139610 0.220779
1 0.217990 0.897602 0.392857 0.185065
1 0.364635 0.779096 0.266234 0.318182
1 0.459332 0.644356 0.167749 0.129870
1 0.627081 0.814810 0.239177 0.275974
1 0.948510 0.830232 0.091991 0.313312
1 0.900350 0.714972 0.194805 0.378247
1 0.887904 0.284778 0.219697 0.099026
2 0.206085 0.078609 0.377706 0.118506
2 0.700133 0.085102 0.577922 0.141234
2 0.581627 0.238511 0.139610 0.139610
2 0.674159 0.525849 0.049784 0.139610
