0 0.456045 0.452757 0.034091 0.051948
0 0.438391 0.398374 0.037744 0.043831
0 0.455436 0.348049 0.042614 0.043831
0 0.487092 0.413796 0.028003 0.042208
0 0.498050 0.463309 0.042614 0.053571
0 0.532141 0.453568 0.030438 0.040584
0 0.561361 0.438146 0.037744 0.061688
0 0.589365 0.460062 0.030438 0.056818
0 0.789649 0.568828 0.043831 0.056818
0 0.668504 0.646750 0.054789 0.079545
0 0.686158 0.589120 0.048701 0.071429
0 0.706248 0.276620 0.040179 0.079545
0 0.792693 0.225484 0.020698 0.035714
0 0.778082 0.264445 0.023133 0.038961
0 0.804259 0.280679 0.021916 0.038961
0 0.814608 0.254705 0.018263 0.032468
0 0.874267 0.223861 0.030438 0.045455
0 0.894357 0.232789 0.029221 0.047078
0 0.960103 0.949510 0.053571 0.064935
0 0.963756 0.848049 0.068182 0.086039
0 0.054259 0.848861 0.075487 0.081169
0 0.077392 0.628893 0.070617 0.050325
0 0.151662 0.662984 0.060877 0.066558
0 0.250891 0.485224 0.057224 0.094156
0 0.275241 0.571263 0.037744 0.048701
0 0.197319 0.530679 0.037744 0.042208
0 0.040257 0.340744 0.057224 0.071429
0 0.165055 0.273374 0.080357 0.063312
0 0.298983 0.335062 0.087662 0.095779
0 0.085306 0.124023 0.030438 0.063312
0 0.140095 0.165419 0.035308 0.045455
0 0.250891 0.049348 0.025568 0.027597
0 0.267327 0.085062 0.051136 0.047078
0 0.319681 0.118341 0.024351 0.035714
0 0.313594 0.148374 0.053571 0.047078
0 0.342814 0.068016 0.019481 0.032468
0 0.359251 0.102107 0.045049 0.048701
0 0.341597 0.045289 0.021916 0.029221
0 0.376296 0.017692 0.025568 0.029221
0 0.701986 0.089120 0.031656 0.048701
0 0.562579 0.223861 0.032873 0.029221
0 0.758602 0.066393 0.023133 0.035714
0 0.739730 0.072075 0.021916 0.037338
0 0.752514 0.252270 0.023133 0.024351
0 0.764081 0.024997 0.041396 0.027597
0 0.613715 0.521750 0.030438 0.043831
0 0.382993 0.529867 0.026786 0.034091
1 0.619803 0.859413 0.220373 0.274351
1 0.811564 0.811523 0.150974 0.350649
1 0.933318 0.703568 0.102273 0.147727
1 0.955233 0.457627 0.073052 0.233766
1 0.702595 0.411361 0.178977 0.163961
1 0.764689 0.302594 0.062094 0.060065
1 0.767733 0.166231 0.168019 0.121753
1 0.824957 0.073698 0.070617 0.095779
1 0.881572 0.160549 0.049919 0.081169
1 0.549795 0.123211 0.199675 0.201299
1 0.635022 0.270127 0.087662 0.108766
1 0.445087 0.248211 0.197240 0.136364
1 0.558926 0.368341 0.125406 0.123377
1 0.381167 0.395939 0.079140 0.159091
1 0.043301 0.198698 0.077922 0.160714
1 0.149835 0.110224 0.093750 0.087662
1 0.099917 0.221426 0.045049 0.086039
1 0.221061 0.231978 0.124188 0.142857
0 0.073131 0.350484 0.020698 0.035714
0 0.082871 0.297724 0.023133 0.030844
1 0.149835 0.395127 0.120536 0.154221
1 0.057912 0.490094 0.107143 0.217532
1 0.160184 0.550971 0.124188 0.173701
1 0.323334 0.484413 0.104708 0.193182
1 0.384819 0.121588 0.086445 0.120130
1 0.065217 0.717367 0.126623 0.178571
1 0.214365 0.809088 0.183847 0.310065
1 0.059129 0.931653 0.107143 0.081169
1 0.402473 0.889445 0.185065 0.146104
1 0.477960 0.770939 0.094968 0.071429
1 0.537011 0.601296 0.110795 0.209416
1 0.608845 0.636198 0.042614 0.155844
2 0.951581 0.077757 0.065747 0.142857
2 0.960712 0.241718 0.054789 0.126623
2 0.049998 0.031491 0.084010 0.060065
2 0.370818 0.711685 0.082792 0.157468
2 0.435956 0.641068 0.059659 0.100649
