0 0.346778 0.273414 0.178571 0.310065
0 0.603272 0.264485 0.167749 0.266234
0 0.545371 0.470654 0.162338 0.233766
0 0.692557 0.641920 0.145022 0.206169
0 0.460956 0.420330 0.097403 0.178571
1 0.885739 0.716596 0.219697 0.498377
1 0.751540 0.485265 0.016234 0.107143
1 0.705003 0.470654 0.104978 0.097403
1 0.845155 0.252310 0.183983 0.339286
1 0.489635 0.066433 0.135281 0.103896
1 0.498834 0.219031 0.054113 0.214286
1 0.746129 0.130557 0.085498 0.147727
1 0.585415 0.081856 0.090909 0.137987
2 0.132492 0.688998 0.252165 0.586039
