0 0.410996 0.492529 0.097403 0.193182
0 0.533358 0.477919 0.178977 0.199675
0 0.574754 0.671913 0.169237 0.194805
0 0.663634 0.585874 0.086445 0.198052
0 0.807912 0.782302 0.199675 0.240260
0 0.803042 0.519315 0.116883 0.087662
0 0.532749 0.059088 0.094968 0.086039
0 0.512660 0.144315 0.086445 0.120130
0 0.154706 0.754705 0.198458 0.246753
1 0.174795 0.316393 0.326299 0.581169
1 0.409779 0.240094 0.275162 0.295455
1 0.715379 0.172724 0.245942 0.319805
1 0.897400 0.167042 0.183847 0.298701
1 0.787822 0.392692 0.415179 0.152597
1 0.927839 0.619153 0.130276 0.303571
1 0.515095 0.655679 0.159497 0.055195
1 0.138269 0.160549 0.177760 0.165584
1 0.292287 0.289607 0.113231 0.173701
1 0.256369 0.451945 0.192370 0.154221
1 0.467003 0.277432 0.114448 0.133117
1 0.932100 0.391068 0.092532 0.126623
2 0.483439 0.895127 0.383523 0.163961
2 0.835915 0.956003 0.194805 0.055195
2 0.123050 0.948698 0.196023 0.079545
