0 0.647806 0.124835 0.096185 0.159091
0 0.496223 0.158114 0.065747 0.073052
0 0.545533 0.203568 0.079140 0.112013
0 0.755558 0.092367 0.058442 0.120130
0 0.887660 0.030679 0.047484 0.038961
0 0.810956 0.448698 0.079140 0.125000
0 0.317855 0.802594 0.076705 0.154221
0 0.391516 0.732789 0.107143 0.173701
0 0.303853 0.717367 0.112013 0.123377
0 0.239933 0.594802 0.142451 0.173701
0 0.157749 0.474672 0.109578 0.147727
0 0.222887 0.401620 0.084010 0.134740
1 0.347684 0.371588 0.197240 0.288961
1 0.463959 0.288796 0.166802 0.165584
1 0.565014 0.539607 0.293425 0.310065
1 0.375688 0.597237 0.131494 0.136364
1 0.392733 0.910549 0.121753 0.159091
1 0.563796 0.843179 0.193588 0.267857
1 0.695290 0.773374 0.171672 0.173701
1 0.777473 0.388633 0.153409 0.300325
1 0.619803 0.527432 0.135146 0.204545
1 0.504137 0.546913 0.108360 0.246753
1 0.617977 0.320452 0.155844 0.115260
1 0.708683 0.225484 0.098620 0.165584
1 0.834089 0.171101 0.076705 0.251623
1 0.922969 0.156491 0.132711 0.193182
1 0.845046 0.596426 0.122971 0.180195
1 0.742165 0.615906 0.075487 0.157468
1 0.842003 0.934900 0.092532 0.094156
2 0.954624 0.411361 0.071834 0.173701
2 0.957668 0.668666 0.065747 0.246753
2 0.118788 0.856978 0.192370 0.240260
2 0.060347 0.186523 0.094968 0.308442
