0 0.526973 0.108641 0.142857 0.185065
0 0.230977 0.257180 0.159091 0.193182
0 0.137363 0.490946 0.164502 0.238636
0 0.327298 0.490946 0.150433 0.228896
0 0.294830 0.748252 0.187229 0.269481
0 0.604354 0.834291 0.148268 0.224026
0 0.882492 0.667894 0.098485 0.189935
1 0.887904 0.281531 0.213203 0.154221
1 0.903055 0.473901 0.193723 0.233766
1 0.652514 0.511239 0.335498 0.564935
1 0.767774 0.885427 0.176407 0.209416
1 0.460415 0.871628 0.120130 0.233766
1 0.326215 0.944680 0.126623 0.084416
1 0.392233 0.237700 0.133117 0.378247
1 0.455544 0.592407 0.112554 0.379870
2 0.918748 0.113511 0.127706 0.129870
2 0.048618 0.183317 0.077922 0.272727
2 0.171995 0.069680 0.149351 0.087662
