0 0.516313 0.365094 0.062094 0.123377
0 0.423171 0.397562 0.107143 0.146104
0 0.337944 0.344802 0.063312 0.089286
0 0.480395 0.288796 0.075487 0.090909
0 0.455436 0.206003 0.054789 0.090909
0 0.518139 0.224672 0.060877 0.108766
0 0.527879 0.163796 0.075487 0.081169
0 0.555274 0.252270 0.064529 0.099026
0 0.175404 0.197075 0.059659 0.050325
0 0.208277 0.180029 0.049919 0.064935
0 0.042084 0.156491 0.046266 0.079545
0 0.078610 0.085062 0.051136 0.086039
0 0.031126 0.061523 0.056006 0.068182
0 0.011645 0.128893 0.017045 0.043831
0 0.278285 0.546101 0.082792 0.115260
0 0.358033 0.682465 0.093750 0.147727
0 0.462741 0.745776 0.098620 0.115260
0 0.279503 0.732789 0.046266 0.099026
0 0.319072 0.794478 0.074269 0.066558
0 0.278894 0.828568 0.066964 0.089286
0 0.253326 0.921101 0.105925 0.118506
0 0.146183 0.672724 0.062094 0.063312
0 0.063999 0.681653 0.056006 0.064935
0 0.549186 0.587497 0.045049 0.084416
0 0.636240 0.658926 0.056006 0.081169
0 0.910793 0.670289 0.098620 0.172078
0 0.790257 0.640257 0.122971 0.150974
0 0.761645 0.092367 0.068182 0.090909
0 0.766516 0.040419 0.058442 0.055195
0 0.693464 0.052594 0.063312 0.082792
0 0.659373 0.090744 0.058442 0.074675
0 0.978975 0.343991 0.032873 0.061688
0 0.941232 0.135387 0.040179 0.056818
1 0.115744 0.494965 0.215503 0.298701
1 0.194275 0.315581 0.209416 0.066558
1 0.350119 0.143503 0.224026 0.267857
1 0.529706 0.072887 0.178977 0.133117
1 0.635631 0.295289 0.088880 0.272727
1 0.723902 0.292042 0.153409 0.178571
1 0.698334 0.426783 0.177760 0.262987
1 0.875485 0.456003 0.232549 0.269481
0 0.870615 0.534737 0.057224 0.082792
1 0.281329 0.416231 0.091315 0.118506
1 0.417084 0.563146 0.163149 0.175325
1 0.524227 0.478731 0.097403 0.087662
1 0.446305 0.919478 0.241071 0.131494
1 0.587538 0.832627 0.141234 0.324675
1 0.817043 0.850484 0.354302 0.266234
1 0.706248 0.640257 0.066964 0.118506
