0 0.617368 0.313958 0.084010 0.134740
0 0.679462 0.102107 0.096185 0.139610
0 0.803042 0.145127 0.099838 0.134740
0 0.859657 0.161361 0.059659 0.160714
0 0.949754 0.349672 0.084010 0.144481
0 0.901053 0.523374 0.127841 0.131494
0 0.896183 0.630516 0.127841 0.167208
0 0.773212 0.700322 0.130276 0.134740
0 0.794519 0.853731 0.138799 0.185065
0 0.158358 0.865094 0.076705 0.110390
0 0.116353 0.917854 0.087662 0.099026
0 0.124876 0.288796 0.119318 0.136364
0 0.081654 0.218179 0.088880 0.086039
0 0.108439 0.135387 0.088880 0.141234
0 0.171142 0.173536 0.087662 0.123377
0 0.303244 0.039607 0.049919 0.066558
0 0.370818 0.048536 0.056006 0.068182
1 0.739730 0.402432 0.172890 0.431818
1 0.851743 0.340744 0.077922 0.185065
1 0.588756 0.199510 0.112013 0.113636
1 0.351337 0.465744 0.177760 0.347403
1 0.275850 0.776620 0.314123 0.222403
1 0.553447 0.615094 0.253247 0.603896
1 0.309941 0.931653 0.258117 0.103896
1 0.497441 0.368341 0.082792 0.185065
2 0.941840 0.859413 0.097403 0.228896
2 0.947319 0.036361 0.074269 0.034091
