0 0.311767 0.602919 0.144886 0.254870
0 0.168707 0.668666 0.163149 0.224026
0 0.326986 0.831003 0.175325 0.214286
0 0.586321 0.269315 0.150974 0.152597
0 0.592408 0.429218 0.136364 0.189935
0 0.723902 0.464932 0.158279 0.274351
0 0.818261 0.092367 0.166802 0.175325
0 0.748253 0.445452 0.153409 0.202922
1 0.212538 0.201945 0.418831 0.404221
1 0.542490 0.109413 0.345779 0.206169
1 0.449348 0.442205 0.176542 0.436688
1 0.473699 0.809900 0.135146 0.272727
1 0.582059 0.688146 0.130276 0.314935
1 0.720249 0.678406 0.158279 0.178571
1 0.790257 0.875646 0.154627 0.219156
1 0.893139 0.755516 0.214286 0.264610
1 0.825566 0.272562 0.271510 0.175325
1 0.888269 0.501458 0.107143 0.282468
1 0.947928 0.107789 0.082792 0.183442
1 0.290460 0.380516 0.119318 0.186688
2 0.044519 0.703568 0.070617 0.543831
2 0.154097 0.895939 0.126623 0.165584
