0 0.738318 0.497376 0.111828 0.157671
0 0.632941 0.500260 0.092473 0.205741
0 0.546382 0.554099 0.108602 0.209587
0 0.420576 0.604092 0.093548 0.194204
0 0.478640 0.657931 0.089247 0.171131
0 0.341006 0.539678 0.089247 0.207664
0 0.422726 0.436807 0.084946 0.136520
0 0.494769 0.322400 0.119355 0.215355
0 0.603909 0.320477 0.113978 0.192282
0 0.706059 0.488723 0.098925 0.290345
1 0.940468 0.335859 0.098925 0.188436
1 0.836167 0.430077 0.152688 0.257657
1 0.835629 0.543524 0.319355 0.203818
1 0.949608 0.610822 0.089247 0.199973
1 0.768963 0.759840 0.229032 0.205741
1 0.884554 0.782914 0.081720 0.421097
1 0.937780 0.846367 0.100000 0.190359
1 0.839930 0.925202 0.119355 0.098064
1 0.250683 0.915588 0.145161 0.151902
1 0.354984 0.909820 0.108602 0.148057
1 0.579178 0.220490 0.172043 0.369181
1 0.686167 0.186841 0.080645 0.155748
1 0.438318 0.795412 0.098925 0.161517
1 0.349608 0.527180 0.076344 0.151902
1 0.553909 0.695426 0.035484 0.080758
