2 0.383957 0.286554 0.233766 0.379870
2 0.560093 0.357171 0.176948 0.381494
2 0.700515 0.460255 0.178571 0.262987
2 0.801976 0.465125 0.121753 0.262987
2 0.915612 0.514638 0.167208 0.254870
2 0.731359 0.155872 0.506494 0.290584
2 0.803599 0.265450 0.300325 0.272727
2 0.142885 0.134768 0.277597 0.245130
2 0.119346 0.293859 0.227273 0.241883
2 0.188340 0.351489 0.089286 0.146104
2 0.228112 0.517073 0.146104 0.191558
2 0.336879 0.510580 0.214286 0.201299
2 0.490288 0.516262 0.150974 0.115260
2 0.549541 0.620158 0.149351 0.144481
2 0.097431 0.541424 0.180195 0.259740
2 0.028437 0.622593 0.038961 0.090909
2 0.101489 0.776002 0.129870 0.384740
2 0.214314 0.776002 0.154221 0.404221
2 0.689151 0.681034 0.071429 0.256494
2 0.814151 0.722431 0.126623 0.300325
2 0.921294 0.666424 0.045455 0.129870
2 0.645320 0.802788 0.652597 0.327922
