0 0.378245 0.240553 0.149080 0.115260
0 0.500442 0.098508 0.129528 0.094156
0 0.653187 0.204027 0.141748 0.100649
0 0.706954 0.261657 0.205290 0.099026
0 0.770496 0.342826 0.087981 0.069805
0 0.601865 0.346884 0.190626 0.100649
0 0.516327 0.423995 0.205290 0.105519
0 0.623860 0.471073 0.146636 0.112013
0 0.369692 0.419936 0.161299 0.113636
0 0.197395 0.428053 0.173519 0.103896
0 0.526103 0.583086 0.215066 0.147727
0 0.675183 0.578216 0.190626 0.105519
0 0.692290 0.656138 0.239505 0.128247
0 0.739947 0.753540 0.163743 0.131494
0 0.287820 0.719449 0.158855 0.099026
1 0.450341 0.232436 0.097757 0.459416
1 0.572538 0.274644 0.259056 0.076299
1 0.854812 0.846884 0.241949 0.211039
1 0.084974 0.833897 0.163743 0.311688
1 0.301262 0.892339 0.263944 0.188312
1 0.191285 0.620423 0.249281 0.137987
1 0.358694 0.594449 0.075762 0.225649
1 0.122855 0.091203 0.210178 0.047078
0 0.780272 0.410196 0.127084 0.068182
1 0.539545 0.816040 0.193070 0.181818
2 0.794935 0.083086 0.312823 0.144481
2 0.931795 0.626105 0.078206 0.178571
2 0.099638 0.175618 0.193070 0.076299
