2 0.518398 0.469263 0.160215 0.603696
2 0.630226 0.716599 0.140860 0.519081
2 0.805495 0.573404 0.076344 0.750145
2 0.676463 0.362680 0.108602 0.468637
2 0.936678 0.187755 0.089247 0.353105
2 0.908183 0.518079 0.163441 0.382395
2 0.967323 0.820741 0.053763 0.317307
2 0.870549 0.845963 0.139785 0.227810
2 0.433452 0.385461 0.063441 0.755027
2 0.345818 0.129989 0.200000 0.244082
2 0.100657 0.295965 0.176344 0.530471
2 0.114097 0.609203 0.220430 0.177366
2 0.089904 0.836199 0.169892 0.312425
2 0.230764 0.383021 0.092473 0.434466
2 0.332377 0.458686 0.186022 0.397040
2 0.243667 0.798773 0.156989 0.283135
2 0.395280 0.840267 0.318280 0.304289
2 0.472162 0.860608 0.121505 0.211538
2 0.646893 0.823182 0.116129 0.312425
2 0.721087 0.819114 0.116129 0.346596
2 0.802807 0.123480 0.187097 0.244082
2 0.872700 0.111276 0.083871 0.213165
2 0.572162 0.125107 0.203226 0.214792
