2 0.241878 0.451547 0.276018 0.358766
2 0.472096 0.604144 0.287010 0.326299
2 0.591785 0.397975 0.225944 0.306818
2 0.506904 0.199112 0.183198 0.350649
2 0.594228 0.191806 0.106255 0.167208
2 0.298058 0.216157 0.107476 0.134740
2 0.317599 0.250248 0.087935 0.121753
2 0.377444 0.281904 0.083050 0.142857
2 0.416526 0.495378 0.136788 0.287338
2 0.182033 0.690183 0.175870 0.189935
2 0.290730 0.782716 0.190526 0.358766
2 0.089823 0.852521 0.159993 0.167208
2 0.156385 0.869566 0.095263 0.120130
2 0.199131 0.809501 0.131902 0.172078
2 0.177148 0.644729 0.153886 0.202922
2 0.664454 0.634177 0.261362 0.370130
2 0.478203 0.412586 0.174649 0.131494
2 0.788418 0.214534 0.150222 0.167208
2 0.846430 0.128495 0.122132 0.144481
2 0.759717 0.057878 0.293117 0.097403
