2 0.436452 0.141969 0.093548 0.236895
2 0.450968 0.185652 0.047312 0.122648
2 0.548817 0.207493 0.133333 0.199933
2 0.408495 0.266297 0.115054 0.109207
2 0.398817 0.381384 0.158065 0.114247
2 0.296667 0.479671 0.132258 0.196573
2 0.297204 0.561996 0.070968 0.193212
2 0.220323 0.603159 0.149462 0.161290
2 0.312796 0.677923 0.121505 0.166331
2 0.365484 0.540155 0.123656 0.102487
2 0.306344 0.782090 0.132258 0.314180
2 0.468710 0.616599 0.183871 0.178091
2 0.532688 0.378864 0.152688 0.179772
2 0.630538 0.428427 0.150538 0.178091
2 0.747742 0.428427 0.079570 0.181452
2 0.765484 0.519153 0.153763 0.171371
2 0.683226 0.576277 0.081720 0.161290
2 0.636989 0.602319 0.133333 0.173051
2 0.699355 0.642641 0.068817 0.156250
2 0.645591 0.709845 0.077419 0.136089
2 0.616022 0.291499 0.108602 0.220094
2 0.695054 0.192372 0.113978 0.230175
2 0.702581 0.203293 0.070968 0.090726
2 0.755806 0.185652 0.061290 0.142809
2 0.807419 0.188172 0.076344 0.077285
2 0.754194 0.313340 0.070968 0.152890
2 0.690215 0.360383 0.078495 0.173051
2 0.539677 0.597278 0.074194 0.129368
2 0.462796 0.512433 0.064516 0.097446
2 0.865484 0.802251 0.246237 0.341062
2 0.934839 0.307460 0.124731 0.557796
2 0.150430 0.157930 0.289247 0.299059
2 0.107419 0.403226 0.209677 0.157930
2 0.069247 0.752688 0.126882 0.433468
2 0.168172 0.837534 0.105376 0.236895
2 0.488602 0.859375 0.184946 0.250336
2 0.660645 0.885417 0.129032 0.174731
