2 0.285092 0.440001 0.274194 0.379224
2 0.397458 0.493710 0.120430 0.164385
2 0.474339 0.507545 0.063441 0.123695
2 0.516812 0.532772 0.073118 0.115558
2 0.561974 0.557999 0.083871 0.146481
2 0.551221 0.424539 0.075269 0.104165
2 0.509823 0.288636 0.117204 0.379224
2 0.675952 0.327698 0.221505 0.437817
2 0.681866 0.645888 0.345161 0.348300
2 0.425415 0.735405 0.176344 0.338535
2 0.495307 0.612523 0.092473 0.128578
2 0.784017 0.116114 0.132258 0.216467
2 0.064662 0.889210 0.082796 0.190426
2 0.215200 0.846080 0.282796 0.266922
2 0.919501 0.671116 0.136559 0.584298
2 0.219501 0.106348 0.431183 0.206702
2 0.081329 0.459531 0.118280 0.499665
2 0.930791 0.191796 0.116129 0.345045
2 0.594232 0.048569 0.234409 0.068358
2 0.664124 0.919320 0.290323 0.110675
