2 0.435864 0.209398 0.249039 0.310065
2 0.793396 0.264593 0.313148 0.235390
2 0.442029 0.487807 0.162738 0.172078
2 0.535727 0.620924 0.157807 0.376623
2 0.227510 0.440729 0.340271 0.214286
2 0.260797 0.291379 0.308217 0.217532
2 0.692301 0.615242 0.027123 0.527597
2 0.681205 0.626606 0.251505 0.459416
2 0.837779 0.750794 0.283559 0.204545
2 0.174497 0.842515 0.337805 0.267857
2 0.677506 0.146086 0.288491 0.206169
2 0.110388 0.111995 0.184930 0.180195
2 0.917915 0.137158 0.133150 0.243506
2 0.906819 0.516216 0.140547 0.219156
2 0.192990 0.634723 0.384654 0.154221
2 0.512302 0.920437 0.273696 0.154221
2 0.821752 0.926119 0.295888 0.110390
