0 0.616820 0.354192 0.108486 0.193182
0 0.632009 0.202406 0.080280 0.133117
0 0.516471 0.210523 0.124759 0.168831
0 0.474161 0.380166 0.120420 0.173701
0 0.577765 0.516529 0.117165 0.180195
0 0.483925 0.562796 0.085704 0.185065
0 0.559865 0.700783 0.146457 0.185065
0 0.386829 0.677244 0.114996 0.147727
0 0.462227 0.765718 0.135608 0.191558
0 0.402560 0.877731 0.126929 0.198052
1 0.866881 0.463770 0.257113 0.925325
1 0.875018 0.260848 0.138863 0.506494
1 0.778465 0.540068 0.086789 0.220779
1 0.703067 0.550620 0.179002 0.115260
1 0.649909 0.684549 0.122590 0.155844
1 0.801247 0.764094 0.136693 0.204545
1 0.586987 0.932114 0.170324 0.102273
1 0.137853 0.042503 0.057498 0.056818
1 0.271834 0.116367 0.169239 0.165584
1 0.088492 0.338770 0.086789 0.087662
1 0.411239 0.170750 0.094383 0.176948
1 0.262070 0.380166 0.097638 0.128247
2 0.160635 0.740555 0.287489 0.465909
2 0.073304 0.167503 0.093298 0.118506
