2 0.537054 0.644310 0.101267 0.235390
2 0.613543 0.571258 0.088340 0.225649
2 0.636167 0.637816 0.060330 0.112013
2 0.693264 0.714115 0.107731 0.160714
2 0.748207 0.803401 0.088340 0.160714
2 0.812307 0.828563 0.106654 0.159091
2 0.600077 0.872394 0.130355 0.181818
2 0.348524 0.433271 0.211153 0.300325
2 0.382998 0.580998 0.180989 0.147727
2 0.331826 0.715738 0.102345 0.163961
2 0.117441 0.384570 0.175602 0.349026
2 0.082967 0.119148 0.149746 0.211039
2 0.333981 0.158109 0.246705 0.301948
2 0.270958 0.285544 0.174525 0.215909
2 0.406699 0.243336 0.183143 0.215909
2 0.521433 0.125641 0.162674 0.214286
2 0.554830 0.346420 0.147592 0.321429
2 0.724506 0.210868 0.232700 0.397727
2 0.714811 0.473855 0.107731 0.160714
2 0.718043 0.596420 0.081876 0.237013
2 0.868328 0.521745 0.136819 0.253247
2 0.863480 0.247394 0.017237 0.055195
2 0.923271 0.376453 0.132509 0.222403
2 0.965286 0.619959 0.057098 0.209416
2 0.913575 0.136193 0.145437 0.267857
2 0.754671 0.278238 0.198226 0.295455
2 0.239177 0.569635 0.085108 0.131494
2 0.029101 0.551777 0.039861 0.176948
2 0.932966 0.873206 0.115272 0.215909
2 0.156763 0.830187 0.290874 0.292208
2 0.381382 0.887005 0.205767 0.172078
2 0.439019 0.749829 0.101267 0.112013
2 0.507967 0.895933 0.064639 0.131494
