0 0.311954 0.367281 0.149351 0.243506
0 0.439118 0.293417 0.152597 0.212662
0 0.462928 0.161112 0.178571 0.146104
0 0.334140 0.247151 0.143939 0.110390
0 0.347668 0.555593 0.123377 0.214286
0 0.644205 0.413547 0.127706 0.248377
1 0.150698 0.261762 0.086580 0.512987
1 0.066283 0.745528 0.075758 0.487013
1 0.111737 0.664359 0.051948 0.301948
1 0.251348 0.732541 0.106061 0.318182
1 0.488360 0.675723 0.125541 0.451299
1 0.627971 0.747151 0.084416 0.448052
1 0.579270 0.253645 0.103896 0.103896
1 0.566824 0.463872 0.111472 0.274351
1 0.351456 0.117281 0.098485 0.227273
1 0.291932 0.139197 0.193723 0.118506
1 0.330893 0.610787 0.070346 0.172078
1 0.419638 0.817768 0.085498 0.264610
1 0.695070 0.379456 0.233766 0.137987
1 0.671261 0.531242 0.132035 0.175325
2 0.854161 0.726859 0.257576 0.485390
2 0.774075 0.152995 0.406926 0.292208
2 0.915850 0.394067 0.125541 0.131494
2 0.045720 0.221177 0.071429 0.418831
2 0.344421 0.851047 0.038961 0.230519
2 0.158274 0.902184 0.077922 0.086039
